#
#
#  Percent Identity  Matrix - created by Clustal2.1 
#
#

     1: id2         100.00   75.62   78.64   78.92   78.37   76.54   76.63   77.09   79.10   76.81   77.73   77.27   77.45   78.00   78.74   77.09   78.46   77.82   77.09   77.45   76.81   79.29   77.45   77.54   76.99   75.16   77.73   76.08   78.46   78.19   77.64   78.83   75.71   77.27   77.54   77.09   78.37   77.09   76.81   77.45
     2: id9          75.62  100.00   76.90   77.64   79.19   78.83   78.19   78.55   78.19   78.74   78.37   78.46   78.74   77.91   78.92   78.83   78.55   77.82   78.64   78.09   78.09   77.36   76.90   78.28   78.55   78.28   77.73   77.54   76.63   77.45   77.45   77.09   78.19   78.64   77.27   78.09   77.82   79.01   77.91   77.45
     3: id7          78.64   76.90  100.00   78.92   80.02   78.00   78.37   78.09   79.01   77.36   77.09   76.35   77.45   77.73   78.46   79.19   77.64   76.99   76.99   78.09   78.74   78.09   77.27   77.54   77.54   78.64   77.54   75.62   79.74   78.46   76.72   79.10   77.91   77.45   79.01   79.29   78.46   78.92   78.55   79.19
     4: id14         78.92   77.64   78.92  100.00   79.19   79.38   79.10   78.00   80.20   78.74   77.64   78.37   78.74   77.09   78.00   78.37   78.46   78.64   78.55   78.92   77.91   79.93   78.09   78.00   76.63   77.91   77.18   78.55   78.09   77.45   77.82   80.02   77.64   76.72   78.83   77.91   78.83   79.47   77.18   76.99
     5: id40         78.37   79.19   80.02   79.19  100.00   79.93   79.74   78.19   79.29   78.83   79.01   77.27   78.74   78.64   79.47   79.93   79.56   78.09   79.19   75.34   78.09   78.64   78.09   78.64   78.46   78.19   79.29   77.73   79.74   79.01   77.91   79.01   77.82   78.64   78.92   79.01   78.55   76.99   79.01   78.55
     6: id10         76.54   78.83   78.00   79.38   79.93  100.00   79.74   80.11   79.84   79.84   78.46   77.18   77.91   77.09   78.55   78.37   77.18   78.74   77.73   76.90   79.47   78.74   79.01   78.92   78.64   78.09   78.00   77.45   79.38   78.83   78.19   79.74   78.28   79.93   79.47   79.01   78.74   79.01   79.01   78.83
     7: id24         76.63   78.19   78.37   79.10   79.74   79.74  100.00   78.46   80.48   79.65   77.73   79.29   79.38   79.29   78.37   78.28   76.81   77.27   78.83   77.54   78.37   78.37   78.19   79.01   77.27   76.99   78.37   78.19   76.63   78.55   78.28   78.74   77.91   78.74   78.09   77.73   79.84   78.00   76.90   78.46
     8: id13         77.09   78.55   78.09   78.00   78.19   80.11   78.46  100.00   79.47   80.48   76.35   76.26   78.83   78.00   78.92   78.92   78.74   77.82   78.46   78.46   77.82   77.45   77.64   79.29   76.72   78.46   79.19   77.64   77.91   79.29   78.19   79.19   79.65   79.65   79.19   78.37   77.64   77.91   79.01   79.93
     9: id5          79.10   78.19   79.01   80.20   79.29   79.84   80.48   79.47  100.00   80.38   77.82   78.55   78.00   79.19   79.01   78.37   79.10   78.00   79.01   77.82   78.92   77.18   77.73   78.55   78.00   78.37   78.55   76.54   79.38   77.18   79.38   79.19   80.11   78.46   78.83   78.83   79.65   79.74   77.91   78.64
    10: id38         76.81   78.74   77.36   78.74   78.83   79.84   79.65   80.48   80.38  100.00   77.27   78.28   77.36   77.09   79.47   78.83   78.09   79.56   78.09   78.92   78.09   77.54   78.28   79.01   77.27   77.36   77.64   77.73   78.00   78.19   78.09   79.93   79.19   79.01   79.47   76.72   77.64   77.27   78.55   79.38
    11: id36         77.73   78.37   77.09   77.64   79.01   78.46   77.73   76.35   77.82   77.27  100.00   76.99   77.73   79.38   78.83   78.37   78.83   76.90   77.54   76.99   78.28   78.64   78.64   78.55   78.09   77.45   77.82   77.45   77.82   78.28   78.28   78.19   77.27   78.64   77.73   77.73   78.09   78.74   76.90   77.73
    12: id22         77.27   78.46   76.35   78.37   77.27   77.18   79.29   76.26   78.55   78.28   76.99  100.00   79.56   77.36   79.84   77.91   78.46   77.64   76.72   79.10   77.64   77.64   76.72   76.44   77.82   77.09   78.09   77.82   79.47   77.91   79.19   77.36   76.99   76.17   78.74   78.64   77.82   79.01   78.46   76.17
    13: id17         77.45   78.74   77.45   78.74   78.74   77.91   79.38   78.83   78.00   77.36   77.73   79.56  100.00   78.74   78.92   79.38   78.46   78.19   77.45   77.64   79.01   78.37   77.36   76.81   78.46   78.37   77.91   76.63   79.29   77.45   79.56   77.64   77.91   78.83   78.64   78.92   76.99   78.46   78.46   77.18
    14: id33         78.00   77.91   77.73   77.09   78.64   77.09   79.29   78.00   79.19   77.09   79.38   77.36   78.74  100.00   78.92   79.74   77.36   76.90   78.00   76.90   77.54   76.63   77.27   78.74   78.00   76.08   78.55   76.17   76.81   78.46   77.27   78.64   77.73   76.54   77.45   79.38   77.27   78.28   77.91   76.63
    15: id28         78.74   78.92   78.46   78.00   79.47   78.55   78.37   78.92   79.01   79.47   78.83   79.84   78.92   78.92  100.00   80.02   79.29   79.19   79.38   79.47   76.54   77.36   77.18   78.64   79.19   78.19   79.29   77.73   79.74   79.84   77.27   78.55   78.74   79.56   79.93   79.65   78.46   78.83   78.46   78.00
    16: id1          77.09   78.83   79.19   78.37   79.93   78.37   78.28   78.92   78.37   78.83   78.37   77.91   79.38   79.74   80.02  100.00   80.84   78.00   79.19   78.64   78.00   78.46   78.00   80.02   79.38   77.82   78.83   77.54   79.19   78.28   78.09   78.37   78.28   79.65   80.02   79.01   77.91   79.38   78.09   78.09
    17: id16         78.46   78.55   77.64   78.46   79.56   77.18   76.81   78.74   79.10   78.09   78.83   78.46   78.46   77.36   79.29   80.84  100.00   79.01   78.55   77.54   78.55   78.37   77.82   79.47   78.00   77.64   77.64   76.72   78.83   78.74   78.55   78.55   77.91   79.19   79.47   80.20   79.47   79.38   77.64   79.84
    18: id26         77.82   77.82   76.99   78.64   78.09   78.74   77.27   77.82   78.00   79.56   76.90   77.64   78.19   76.90   79.19   78.00   79.01  100.00   79.10   79.84   78.19   76.81   78.37   78.09   77.18   76.81   76.72   78.46   77.91   79.19   78.37   78.74   78.00   79.01   79.10   76.72   78.28   79.19   79.10   78.00
    19: id12         77.09   78.64   76.99   78.55   79.19   77.73   78.83   78.46   79.01   78.09   77.54   76.72   77.45   78.00   79.38   79.19   78.55   79.10  100.00   81.21   76.08   77.27   77.36   80.20   77.82   77.64   77.18   77.64   78.74   77.54   78.83   79.38   79.19   77.54   80.38   77.91   78.28   77.36   77.82   76.63
    20: id21         77.45   78.09   78.09   78.92   75.34   76.90   77.54   78.46   77.82   78.92   76.99   79.10   77.64   76.90   79.47   78.64   77.54   79.84   81.21  100.00   76.54   78.28   78.19   78.28   77.82   77.27   77.73   76.99   79.74   78.37   77.82   79.47   79.01   79.10   78.83   77.91   79.19   80.38   79.10   77.36
    21: id31         76.81   78.09   78.74   77.91   78.09   79.47   78.37   77.82   78.92   78.09   78.28   77.64   79.01   77.54   76.54   78.00   78.55   78.19   76.08   76.54  100.00   77.54   79.01   79.93   78.46   76.17   78.46   78.00   78.55   77.27   77.64   78.55   77.64   77.09   79.84   77.27   78.00   77.45   77.54   78.37
    22: id20         79.29   77.36   78.09   79.93   78.64   78.74   78.37   77.45   77.18   77.54   78.64   77.64   78.37   76.63   77.36   78.46   78.37   76.81   77.27   78.28   77.54  100.00   79.65   80.57   78.64   76.90   78.00   75.99   77.82   77.45   78.09   77.45   78.37   78.28   77.73   77.54   77.54   79.47   78.00   78.55
    23: id6          77.45   76.90   77.27   78.09   78.09   79.01   78.19   77.64   77.73   78.28   78.64   76.72   77.36   77.27   77.18   78.00   77.82   78.37   77.36   78.19   79.01   79.65  100.00   81.76   79.10   77.82   76.81   75.80   78.28   77.18   77.27   79.01   77.73   76.63   79.56   76.72   77.27   79.38   77.73   78.46
    24: id39         77.54   78.28   77.54   78.00   78.64   78.92   79.01   79.29   78.55   79.01   78.55   76.44   76.81   78.74   78.64   80.02   79.47   78.09   80.20   78.28   79.93   80.57   81.76  100.00   78.37   75.71   78.55   77.91   79.29   78.46   77.54   79.29   79.84   78.46   80.29   78.55   79.01   79.47   79.84   78.64
    25: id8          76.99   78.55   77.54   76.63   78.46   78.64   77.27   76.72   78.00   77.27   78.09   77.82   78.46   78.00   79.19   79.38   78.00   77.18   77.82   77.82   78.46   78.64   79.10   78.37  100.00   77.91   79.56   78.19   78.64   78.19   78.28   75.89   77.36   78.28   78.64   77.45   78.64   77.82   75.99   75.99
    26: id29         75.16   78.28   78.64   77.91   78.19   78.09   76.99   78.46   78.37   77.36   77.45   77.09   78.37   76.08   78.19   77.82   77.64   76.81   77.64   77.27   76.17   76.90   77.82   75.71   77.91  100.00   77.18   77.54   78.00   77.18   76.99   75.44   77.09   78.83   78.74   79.19   76.17   79.19   77.73   79.38
    27: id18         77.73   77.73   77.54   77.18   79.29   78.00   78.37   79.19   78.55   77.64   77.82   78.09   77.91   78.55   79.29   78.83   77.64   76.72   77.18   77.73   78.46   78.00   76.81   78.55   79.56   77.18  100.00   78.83   78.83   78.64   78.09   78.00   78.64   77.36   77.82   79.56   78.83   74.89   78.09   77.64
    28: id19         76.08   77.54   75.62   78.55   77.73   77.45   78.19   77.64   76.54   77.73   77.45   77.82   76.63   76.17   77.73   77.54   76.72   78.46   77.64   76.99   78.00   75.99   75.80   77.91   78.19   77.54   78.83  100.00   77.64   79.10   78.55   77.82   77.27   77.91   77.54   78.28   79.47   76.54   78.83   77.27
    29: id25         78.46   76.63   79.74   78.09   79.74   79.38   76.63   77.91   79.38   78.00   77.82   79.47   79.29   76.81   79.74   79.19   78.83   77.91   78.74   79.74   78.55   77.82   78.28   79.29   78.64   78.00   78.83   77.64  100.00   77.54   76.81   79.93   78.83   79.56   79.56   79.10   78.46   79.93   79.93   76.63
    30: id3          78.19   77.45   78.46   77.45   79.01   78.83   78.55   79.29   77.18   78.19   78.28   77.91   77.45   78.46   79.84   78.28   78.74   79.19   77.54   78.37   77.27   77.45   77.18   78.46   78.19   77.18   78.64   79.10   77.54  100.00   79.84   78.46   79.10   78.55   79.10   79.38   79.10   79.74   77.73   78.74
    31: id35         77.64   77.45   76.72   77.82   77.91   78.19   78.28   78.19   79.38   78.09   78.28   79.19   79.56   77.27   77.27   78.09   78.55   78.37   78.83   77.82   77.64   78.09   77.27   77.54   78.28   76.99   78.09   78.55   76.81   79.84  100.00   79.29   78.46   77.45   77.36   79.93   77.64   77.82   79.19   78.83
    32: id34         78.83   77.09   79.10   80.02   79.01   79.74   78.74   79.19   79.19   79.93   78.19   77.36   77.64   78.64   78.55   78.37   78.55   78.74   79.38   79.47   78.55   77.45   79.01   79.29   75.89   75.44   78.00   77.82   79.93   78.46   79.29  100.00   76.72   80.20   79.29   79.10   80.02   78.46   79.65   79.29
    33: id23         75.71   78.19   77.91   77.64   77.82   78.28   77.91   79.65   80.11   79.19   77.27   76.99   77.91   77.73   78.74   78.28   77.91   78.00   79.19   79.01   77.64   78.37   77.73   79.84   77.36   77.09   78.64   77.27   78.83   79.10   78.46   76.72  100.00   77.45   76.63   79.01   78.55   77.45   79.47   79.65
    34: id11         77.27   78.64   77.45   76.72   78.64   79.93   78.74   79.65   78.46   79.01   78.64   76.17   78.83   76.54   79.56   79.65   79.19   79.01   77.54   79.10   77.09   78.28   76.63   78.46   78.28   78.83   77.36   77.91   79.56   78.55   77.45   80.20   77.45  100.00   79.10   79.65   80.57   79.65   79.56   78.74
    35: id37         77.54   77.27   79.01   78.83   78.92   79.47   78.09   79.19   78.83   79.47   77.73   78.74   78.64   77.45   79.93   80.02   79.47   79.10   80.38   78.83   79.84   77.73   79.56   80.29   78.64   78.74   77.82   77.54   79.56   79.10   77.36   79.29   76.63   79.10  100.00   77.91   77.73   80.75   80.02   78.92
    36: id32         77.09   78.09   79.29   77.91   79.01   79.01   77.73   78.37   78.83   76.72   77.73   78.64   78.92   79.38   79.65   79.01   80.20   76.72   77.91   77.91   77.27   77.54   76.72   78.55   77.45   79.19   79.56   78.28   79.10   79.38   79.93   79.10   79.01   79.65   77.91  100.00   78.74   79.01   80.84   77.27
    37: id30         78.37   77.82   78.46   78.83   78.55   78.74   79.84   77.64   79.65   77.64   78.09   77.82   76.99   77.27   78.46   77.91   79.47   78.28   78.28   79.19   78.00   77.54   77.27   79.01   78.64   76.17   78.83   79.47   78.46   79.10   77.64   80.02   78.55   80.57   77.73   78.74  100.00   79.29   80.38   79.93
    38: id4          77.09   79.01   78.92   79.47   76.99   79.01   78.00   77.91   79.74   77.27   78.74   79.01   78.46   78.28   78.83   79.38   79.38   79.19   77.36   80.38   77.45   79.47   79.38   79.47   77.82   79.19   74.89   76.54   79.93   79.74   77.82   78.46   77.45   79.65   80.75   79.01   79.29  100.00   78.83   80.38
    39: id15         76.81   77.91   78.55   77.18   79.01   79.01   76.90   79.01   77.91   78.55   76.90   78.46   78.46   77.91   78.46   78.09   77.64   79.10   77.82   79.10   77.54   78.00   77.73   79.84   75.99   77.73   78.09   78.83   79.93   77.73   79.19   79.65   79.47   79.56   80.02   80.84   80.38   78.83  100.00   80.66
    40: id27         77.45   77.45   79.19   76.99   78.55   78.83   78.46   79.93   78.64   79.38   77.73   76.17   77.18   76.63   78.00   78.09   79.84   78.00   76.63   77.36   78.37   78.55   78.46   78.64   75.99   79.38   77.64   77.27   76.63   78.74   78.83   79.29   79.65   78.74   78.92   77.27   79.93   80.38   80.66  100.00
