#
#
#  Percent Identity  Matrix - created by Clustal2.1 
#
#

     1: id16        100.00   78.22   77.70   77.79   78.30   78.30   76.84   75.99   76.33   77.70   78.22   76.76   77.02   76.84   77.10   75.81   76.50   77.96   78.64   77.70   78.82   76.50   76.67   75.90   74.44   77.10   77.96   77.19   77.53   76.93   74.79   76.07   78.82   76.93   77.44   75.13   77.87   77.70   77.27   77.27
     2: id31         78.22  100.00   76.84   78.82   77.70   78.47   76.76   76.07   77.44   77.27   77.62   77.53   77.53   77.36   77.10   77.79   78.56   76.59   78.04   78.73   76.16   76.07   75.04   77.27   77.27   75.64   77.02   78.56   76.42   76.67   77.02   77.53   75.39   78.13   77.36   76.59   78.22   76.67   76.76   76.16
     3: id29         77.70   76.84  100.00   78.99   77.62   76.33   76.67   76.76   76.84   78.39   77.96   77.10   77.87   74.87   77.19   77.02   77.79   78.47   77.53   78.22   77.87   78.13   77.27   76.67   75.04   77.62   77.19   76.93   79.25   78.56   77.53   75.39   77.02   76.84   77.79   76.59   78.73   77.36   77.19   77.96
     4: id10         77.79   78.82   78.99  100.00   79.76   77.36   78.64   76.84   76.33   76.67   79.42   76.50   75.81   77.36   76.76   76.16   76.67   79.16   78.22   79.25   78.13   77.87   76.84   77.19   76.50   78.13   78.04   78.73   77.27   78.04   77.87   78.64   76.42   76.59   77.96   77.53   77.70   78.22   78.22   77.19
     5: id19         78.30   77.70   77.62   79.76  100.00   77.44   77.62   76.24   77.62   76.50   77.70   77.87   76.76   77.44   76.42   77.44   78.30   77.62   76.59   76.59   76.76   76.24   76.33   76.50   76.42   75.81   76.59   76.16   77.70   76.07   75.64   77.02   76.84   77.19   78.04   76.67   75.64   76.93   76.93   76.50
     6: id28         78.30   78.47   76.33   77.36   77.44  100.00   77.96   78.64   75.99   77.96   77.10   76.33   77.79   76.84   76.84   76.33   76.16   78.04   78.22   77.70   77.53   75.64   77.02   75.64   76.67   77.44   76.67   75.99   76.07   77.36   76.76   76.84   76.24   76.07   76.33   76.84   76.59   76.76   75.56   76.24
     7: id9          76.84   76.76   76.67   78.64   77.62   77.96  100.00   79.50   77.10   78.13   76.84   76.67   77.19   77.70   76.07   77.27   77.96   77.19   78.82   77.44   77.79   75.64   77.19   76.50   77.44   76.93   77.02   76.84   76.16   78.64   76.93   76.42   76.07   76.76   76.24   77.62   77.02   78.39   77.19   78.13
     8: id26         75.99   76.07   76.76   76.84   76.24   78.64   79.50  100.00   76.93   76.07   77.79   76.24   77.96   77.79   76.16   77.27   77.53   77.27   77.10   76.59   76.67   77.27   76.59   75.30   78.04   76.93   78.90   78.56   76.67   77.27   76.59   76.84   76.24   77.36   76.67   76.84   76.59   77.53   77.02   77.79
     9: id39         76.33   77.44   76.84   76.33   77.62   75.99   77.10   76.93  100.00   78.64   77.70   77.44   76.33   75.56   77.19   77.87   77.96   77.27   77.79   77.79   77.36   75.56   75.30   76.42   76.93   75.21   77.27   77.53   76.76   77.27   75.30   76.76   78.22   77.87   77.10   76.24   77.87   76.76   76.59   76.07
    10: id12         77.70   77.27   78.39   76.67   76.50   77.96   78.13   76.07   78.64  100.00   78.99   77.70   77.53   75.99   76.50   78.39   77.62   77.27   77.96   77.36   76.42   76.07   77.44   76.84   77.70   77.44   78.64   75.13   78.13   76.67   77.53   77.36   76.84   75.99   76.76   76.93   77.96   76.93   75.30   76.24
    11: id34         78.22   77.62   77.96   79.42   77.70   77.10   76.84   77.79   77.70   78.99  100.00   77.87   77.19   76.93   77.62   77.10   78.90   77.19   78.73   78.39   77.53   78.13   76.24   77.27   77.10   77.10   76.76   76.67   77.53   76.84   77.36   77.96   77.79   77.19   78.73   77.70   77.19   78.04   76.42   76.84
    12: id5          76.76   77.53   77.10   76.50   77.87   76.33   76.67   76.24   77.44   77.70   77.87  100.00   78.13   77.10   75.90   75.90   78.13   76.50   76.59   77.96   77.44   77.44   75.73   76.42   74.96   76.42   77.36   76.50   75.73   76.67   76.33   76.50   76.59   77.53   77.02   75.81   76.93   77.79   76.42   76.07
    13: id36         77.02   77.53   77.87   75.81   76.76   77.79   77.19   77.96   76.33   77.53   77.19   78.13  100.00   77.53   76.93   76.33   77.53   77.87   75.04   78.13   76.59   76.84   76.42   77.62   77.19   75.73   77.36   77.44   77.02   77.70   77.10   76.07   77.27   77.44   77.02   77.10   77.36   77.36   75.13   74.96
    14: id25         76.84   77.36   74.87   77.36   77.44   76.84   77.70   77.79   75.56   75.99   76.93   77.10   77.53  100.00   77.79   77.53   76.76   78.39   77.87   76.93   77.27   77.36   77.19   75.81   76.93   76.76   77.70   75.73   74.79   76.07   74.36   75.39   75.73   76.67   76.93   76.76   77.53   77.79   77.62   75.73
    15: id38         77.10   77.10   77.19   76.76   76.42   76.84   76.07   76.16   77.19   76.50   77.62   75.90   76.93   77.79  100.00   78.73   77.44   77.79   77.87   77.79   76.67   78.04   77.96   75.21   76.59   77.36   75.73   76.84   77.19   77.70   75.56   74.87   76.59   76.42   76.42   76.24   76.59   77.36   77.10   76.67
    16: id33         75.81   77.79   77.02   76.16   77.44   76.33   77.27   77.27   77.87   78.39   77.10   75.90   76.33   77.53   78.73  100.00   78.99   78.22   78.73   78.39   77.19   77.10   77.79   74.44   76.84   75.21   76.76   77.10   76.24   77.79   75.04   76.67   75.90   76.50   75.56   76.59   75.90   76.42   75.73   76.59
    17: id14         76.50   78.56   77.79   76.67   78.30   76.16   77.96   77.53   77.96   77.62   78.90   78.13   77.53   76.76   77.44   78.99  100.00   77.79   78.73   79.59   78.82   78.04   75.81   77.10   76.84   76.93   76.84   77.36   76.67   77.79   77.62   76.16   76.42   78.13   76.16   76.50   77.44   78.04   77.44   77.44
    18: id2          77.96   76.59   78.47   79.16   77.62   78.04   77.19   77.27   77.27   77.27   77.19   76.50   77.87   78.39   77.79   78.22   77.79  100.00   79.16   78.13   78.73   76.59   77.10   78.47   76.76   77.44   77.36   77.27   77.27   76.76   76.76   76.42   78.30   75.99   77.02   77.96   76.67   79.33   76.84   76.76
    19: id18         78.64   78.04   77.53   78.22   76.59   78.22   78.82   77.10   77.79   77.96   78.73   76.59   75.04   77.87   77.87   78.73   78.73   79.16  100.00   79.76   77.36   76.93   77.44   77.36   76.33   77.79   77.36   76.76   76.07   77.79   75.39   77.02   77.36   77.87   77.36   76.76   76.07   78.73   77.79   76.76
    20: id6          77.70   78.73   78.22   79.25   76.59   77.70   77.44   76.59   77.79   77.36   78.39   77.96   78.13   76.93   77.79   78.39   79.59   78.13   79.76  100.00   79.59   77.02   78.13   77.53   76.42   77.53   77.10   77.10   78.90   77.27   76.67   77.53   76.42   77.70   78.73   78.56   78.39   79.16   78.99   78.64
    21: id37         78.82   76.16   77.87   78.13   76.76   77.53   77.79   76.67   77.36   76.42   77.53   77.44   76.59   77.27   76.67   77.19   78.82   78.73   77.36   79.59  100.00   77.19   76.16   75.13   76.24   75.99   76.42   78.64   77.62   78.04   77.36   76.59   78.90   77.96   76.93   77.02   77.27   79.67   78.22   77.70
    22: id20         76.50   76.07   78.13   77.87   76.24   75.64   75.64   77.27   75.56   76.07   78.13   77.44   76.84   77.36   78.04   77.10   78.04   76.59   76.93   77.02   77.19  100.00   76.24   77.36   78.22   75.99   77.79   76.76   75.56   75.99   77.53   76.84   77.53   77.02   77.36   74.61   76.33   77.02   75.81   75.90
    23: id11         76.67   75.04   77.27   76.84   76.33   77.02   77.19   76.59   75.30   77.44   76.24   75.73   76.42   77.19   77.96   77.79   75.81   77.10   77.44   78.13   76.16   76.24  100.00   76.93   78.56   78.47   76.67   77.70   77.79   76.16   76.67   76.16   74.96   76.24   76.42   78.22   76.50   76.16   76.76   75.73
    24: id4          75.90   77.27   76.67   77.19   76.50   75.64   76.50   75.30   76.42   76.84   77.27   76.42   77.62   75.81   75.21   74.44   77.10   78.47   77.36   77.53   75.13   77.36   76.93  100.00   75.56   77.02   78.64   77.02   76.50   76.84   76.16   77.44   77.02   76.42   76.93   77.44   76.93   77.79   76.50   77.44
    25: id23         74.44   77.27   75.04   76.50   76.42   76.67   77.44   78.04   76.93   77.70   77.10   74.96   77.19   76.93   76.59   76.84   76.84   76.76   76.33   76.42   76.24   78.22   78.56   75.56  100.00   74.96   78.82   77.36   76.16   75.39   77.70   76.50   74.53   75.99   77.02   76.16   75.90   75.39   74.27   75.73
    26: id13         77.10   75.64   77.62   78.13   75.81   77.44   76.93   76.93   75.21   77.44   77.10   76.42   75.73   76.76   77.36   75.21   76.93   77.44   77.79   77.53   75.99   75.99   78.47   77.02   74.96  100.00   76.42   75.73   78.64   75.99   75.47   75.99   76.50   76.24   77.19   77.02   76.59   78.56   77.53   76.07
    27: id7          77.96   77.02   77.19   78.04   76.59   76.67   77.02   78.90   77.27   78.64   76.76   77.36   77.36   77.70   75.73   76.76   76.84   77.36   77.36   77.10   76.42   77.79   76.67   78.64   78.82   76.42  100.00   78.73   77.87   78.73   77.36   77.62   76.93   75.73   77.70   75.90   77.96   78.73   78.22   78.22
    28: id15         77.19   78.56   76.93   78.73   76.16   75.99   76.84   78.56   77.53   75.13   76.67   76.50   77.44   75.73   76.84   77.10   77.36   77.27   76.76   77.10   78.64   76.76   77.70   77.02   77.36   75.73   78.73  100.00   77.44   79.76   76.59   76.24   77.02   77.44   78.30   76.24   77.02   77.44   76.42   77.19
    29: id1          77.53   76.42   79.25   77.27   77.70   76.07   76.16   76.67   76.76   78.13   77.53   75.73   77.02   74.79   77.19   76.24   76.67   77.27   76.07   78.90   77.62   75.56   77.79   76.50   76.16   78.64   77.87   77.44  100.00   79.07   77.87   77.10   76.67   76.16   77.87   77.79   77.44   77.87   77.27   75.99
    30: id22         76.93   76.67   78.56   78.04   76.07   77.36   78.64   77.27   77.27   76.67   76.84   76.67   77.70   76.07   77.70   77.79   77.79   76.76   77.79   77.27   78.04   75.99   76.16   76.84   75.39   75.99   78.73   79.76   79.07  100.00   76.67   77.53   77.02   78.82   77.62   76.33   77.10   77.96   78.04   77.96
    31: id32         74.79   77.02   77.53   77.87   75.64   76.76   76.93   76.59   75.30   77.53   77.36   76.33   77.10   74.36   75.56   75.04   77.62   76.76   75.39   76.67   77.36   77.53   76.67   76.16   77.70   75.47   77.36   76.59   77.87   76.67  100.00   76.33   76.16   75.21   76.93   76.84   75.99   76.33   77.44   77.96
    32: id3          76.07   77.53   75.39   78.64   77.02   76.84   76.42   76.84   76.76   77.36   77.96   76.50   76.07   75.39   74.87   76.67   76.16   76.42   77.02   77.53   76.59   76.84   76.16   77.44   76.50   75.99   77.62   76.24   77.10   77.53   76.33  100.00   76.07   77.79   77.87   78.47   78.39   78.73   76.67   76.59
    33: id30         78.82   75.39   77.02   76.42   76.84   76.24   76.07   76.24   78.22   76.84   77.79   76.59   77.27   75.73   76.59   75.90   76.42   78.30   77.36   76.42   78.90   77.53   74.96   77.02   74.53   76.50   76.93   77.02   76.67   77.02   76.16   76.07  100.00   76.67   76.84   76.93   76.59   78.73   75.47   76.50
    34: id27         76.93   78.13   76.84   76.59   77.19   76.07   76.76   77.36   77.87   75.99   77.19   77.53   77.44   76.67   76.42   76.50   78.13   75.99   77.87   77.70   77.96   77.02   76.24   76.42   75.99   76.24   75.73   77.44   76.16   78.82   75.21   77.79   76.67  100.00   76.42   77.02   78.13   78.13   77.70   78.39
    35: id8          77.44   77.36   77.79   77.96   78.04   76.33   76.24   76.67   77.10   76.76   78.73   77.02   77.02   76.93   76.42   75.56   76.16   77.02   77.36   78.73   76.93   77.36   76.42   76.93   77.02   77.19   77.70   78.30   77.87   77.62   76.93   77.87   76.84   76.42  100.00   75.90   77.10   79.07   76.50   76.67
    36: id17         75.13   76.59   76.59   77.53   76.67   76.84   77.62   76.84   76.24   76.93   77.70   75.81   77.10   76.76   76.24   76.59   76.50   77.96   76.76   78.56   77.02   74.61   78.22   77.44   76.16   77.02   75.90   76.24   77.79   76.33   76.84   78.47   76.93   77.02   75.90  100.00   77.44   79.50   75.99   76.84
    37: id40         77.87   78.22   78.73   77.70   75.64   76.59   77.02   76.59   77.87   77.96   77.19   76.93   77.36   77.53   76.59   75.90   77.44   76.67   76.07   78.39   77.27   76.33   76.50   76.93   75.90   76.59   77.96   77.02   77.44   77.10   75.99   78.39   76.59   78.13   77.10   77.44  100.00   79.25   77.44   77.96
    38: id35         77.70   76.67   77.36   78.22   76.93   76.76   78.39   77.53   76.76   76.93   78.04   77.79   77.36   77.79   77.36   76.42   78.04   79.33   78.73   79.16   79.67   77.02   76.16   77.79   75.39   78.56   78.73   77.44   77.87   77.96   76.33   78.73   78.73   78.13   79.07   79.50   79.25  100.00   78.56   79.50
    39: id21         77.27   76.76   77.19   78.22   76.93   75.56   77.19   77.02   76.59   75.30   76.42   76.42   75.13   77.62   77.10   75.73   77.44   76.84   77.79   78.99   78.22   75.81   76.76   76.50   74.27   77.53   78.22   76.42   77.27   78.04   77.44   76.67   75.47   77.70   76.50   75.99   77.44   78.56  100.00   79.16
    40: id24         77.27   76.16   77.96   77.19   76.50   76.24   78.13   77.79   76.07   76.24   76.84   76.07   74.96   75.73   76.67   76.59   77.44   76.76   76.76   78.64   77.70   75.90   75.73   77.44   75.73   76.07   78.22   77.19   75.99   77.96   77.96   76.59   76.50   78.39   76.67   76.84   77.96   79.50   79.16  100.00
