#
#
#  Percent Identity  Matrix - created by Clustal2.1 
#
#

     1: id13        100.00   78.66   76.58   78.57   79.66   76.67   79.11   79.48   79.02   79.39   79.93   78.84   79.93   78.66   76.04   78.39   78.12   79.11   77.58   78.84   77.85   77.85   76.94   78.66   76.94   78.93   78.30   77.76   78.75   77.12   77.85   78.75   77.67   78.48   77.40   78.84   79.02   79.66   78.75   78.66
     2: id6          78.66  100.00   77.85   76.76   79.66   79.57   79.57   77.94   78.48   78.57   80.11   77.12   79.48   77.67   79.11   79.66   77.76   78.21   77.49   78.30   78.12   77.76   78.84   78.48   77.76   79.66   79.20   79.57   79.48   78.21   78.93   78.93   78.48   77.49   79.84   78.30   78.66   78.03   79.11   79.75
     3: id31         76.58   77.85  100.00   77.58   77.76   79.93   77.31   78.39   77.40   78.39   78.57   78.57   77.94   78.48   75.23   78.48   76.13   77.03   78.12   77.67   77.22   77.85   79.11   76.58   77.31   77.12   78.66   78.57   78.75   78.03   76.31   78.03   77.94   76.49   77.03   77.03   77.67   79.57   77.31   77.03
     4: id40         78.57   76.76   77.58  100.00   78.48   77.67   78.12   78.57   78.66   80.38   79.20   78.66   78.12   78.12   78.39   77.67   77.03   77.76   78.75   77.94   79.11   78.39   77.58   76.85   77.94   77.03   77.22   78.03   79.39   78.93   76.94   77.67   79.20   79.11   78.75   79.02   78.30   77.31   78.30   80.38
     5: id5          79.66   79.66   77.76   78.48  100.00   78.84   78.66   80.20   77.85   80.20   79.02   78.48   78.84   77.58   78.57   77.67   78.66   79.02   78.48   79.29   78.93   79.39   78.21   78.57   78.12   79.75   79.20   79.29   78.12   78.39   78.93   78.12   78.48   78.03   79.20   79.11   78.66   77.76   78.03   78.66
     6: id26         76.67   79.57   79.93   77.67   78.84  100.00   80.11   78.57   78.39   77.94   78.30   77.58   77.40   77.40   78.75   79.20   77.49   77.94   79.02   78.84   79.39   78.21   77.40   78.39   76.85   78.57   78.48   79.66   77.85   78.75   78.21   79.48   77.40   79.29   76.85   77.31   78.21   76.94   77.31   79.20
     7: id35         79.11   79.57   77.31   78.12   78.66   80.11  100.00   79.11   78.75   78.12   79.84   78.30   80.83   77.22   77.22   79.39   77.76   78.12   79.39   80.20   78.57   78.48   76.04   77.94   78.48   79.20   78.75   79.57   79.11   78.39   79.11   79.11   79.57   78.93   80.02   77.49   78.57   77.85   78.93   79.39
     8: id15         79.48   77.94   78.39   78.57   80.20   78.57   79.11  100.00   79.02   79.93   81.10   78.84   80.11   78.21   78.75   78.57   77.22   78.75   78.75   80.11   79.11   79.02   78.03   79.66   79.84   78.39   79.66   79.48   79.39   78.30   77.85   77.76   78.84   78.93   79.57   79.20   79.02   79.11   80.11   77.85
     9: id34         79.02   78.48   77.40   78.66   77.85   78.39   78.75   79.02  100.00   78.75   80.92   77.40   77.12   78.75   78.84   77.94   78.30   77.58   79.02   77.58   76.85   79.39   79.66   76.94   79.57   80.29   79.75   80.56   79.20   78.39   77.03   79.84   77.40   78.48   78.39   79.11   80.02   79.84   80.20   79.29
    10: id10         79.39   78.57   78.39   80.38   80.20   77.94   78.12   79.93   78.75  100.00   80.20   81.01   80.65   78.30   77.31   79.29   78.21   76.49   78.93   77.67   79.20   78.03   77.49   79.02   79.02   78.48   77.67   78.57   78.84   77.22   78.12   78.84   79.29   78.57   79.20   78.84   78.21   79.93   78.21   79.75
    11: id9          79.93   80.11   78.57   79.20   79.02   78.30   79.84   81.10   80.92   80.20  100.00   81.10   79.93   79.02   78.30   78.84   78.84   79.20   79.48   79.39   79.84   80.83   78.21   79.75   79.66   78.75   79.84   80.29   80.65   76.67   79.48   78.30   79.75   79.39   78.48   79.20   78.57   78.39   80.20   80.11
    12: id16         78.84   77.12   78.57   78.66   78.48   77.58   78.30   78.84   77.40   81.01   81.10  100.00   81.37   78.30   77.76   78.03   77.49   77.49   78.84   78.84   78.12   79.11   76.76   76.49   79.20   77.12   79.20   77.67   79.11   78.57   78.93   78.66   80.65   79.48   78.84   78.66   77.12   79.29   80.02   78.57
    13: id23         79.93   79.48   77.94   78.12   78.84   77.40   80.83   80.11   77.12   80.65   79.93   81.37  100.00   78.75   78.03   79.20   76.58   78.03   78.30   78.12   77.49   79.39   77.40   76.85   78.57   78.84   77.49   77.58   77.94   77.49   77.03   77.67   77.31   77.76   78.84   78.66   77.58   78.39   80.29   79.20
    14: id3          78.66   77.67   78.48   78.12   77.58   77.40   77.22   78.21   78.75   78.30   79.02   78.30   78.75  100.00   79.02   78.84   77.85   76.13   77.94   78.03   77.40   79.39   76.22   75.95   77.76   78.30   78.84   78.48   79.66   76.67   77.03   78.39   76.40   79.20   78.39   78.03   77.31   78.93   78.75   78.12
    15: id12         76.04   79.11   75.23   78.39   78.57   78.75   77.22   78.75   78.84   77.31   78.30   77.76   78.03   79.02  100.00   75.77   78.66   77.94   77.76   78.30   77.76   79.39   77.85   78.39   75.86   79.29   79.02   79.11   78.30   77.76   76.31   79.11   77.49   78.57   78.12   77.31   76.85   79.48   78.48   79.11
    16: id30         78.39   79.66   78.48   77.67   77.67   79.20   79.39   78.57   77.94   79.29   78.84   78.03   79.20   78.84   75.77  100.00   77.76   78.30   79.75   79.11   78.57   78.75   77.40   77.40   77.94   79.57   80.20   78.12   78.93   78.21   77.31   79.66   77.40   77.40   78.93   80.02   79.66   76.76   78.93   78.84
    17: id22         78.12   77.76   76.13   77.03   78.66   77.49   77.76   77.22   78.30   78.21   78.84   77.49   76.58   77.85   78.66   77.76  100.00   78.21   78.30   77.40   77.94   79.93   76.58   77.40   78.30   76.31   77.94   75.95   77.40   78.03   75.59   79.48   78.57   77.58   78.30   77.12   78.57   78.75   78.12   77.94
    18: id37         79.11   78.21   77.03   77.76   79.02   77.94   78.12   78.75   77.58   76.49   79.20   77.49   78.03   76.13   77.94   78.30   78.21  100.00   78.12   77.85   77.94   80.02   78.12   78.48   77.03   78.21   78.93   77.67   78.39   77.67   78.03   79.11   76.94   77.22   75.59   79.48   79.57   79.29   78.30   78.03
    19: id14         77.58   77.49   78.12   78.75   78.48   79.02   79.39   78.75   79.02   78.93   79.48   78.84   78.30   77.94   77.76   79.75   78.30   78.12  100.00   79.93   80.11   77.58   78.84   78.66   78.12   77.85   76.67   78.84   78.66   78.75   77.76   79.11   77.49   78.75   76.58   78.93   78.03   77.94   78.48   78.03
    20: id1          78.84   78.30   77.67   77.94   79.29   78.84   80.20   80.11   77.58   77.67   79.39   78.84   78.12   78.03   78.30   79.11   77.40   77.85   79.93  100.00   80.65   77.94   77.67   77.85   76.76   79.02   77.22   79.20   79.29   77.03   78.39   79.20   77.94   78.12   78.39   78.21   79.02   78.66   78.21   79.66
    21: id4          77.85   78.12   77.22   79.11   78.93   79.39   78.57   79.11   76.85   79.20   79.84   78.12   77.49   77.40   77.76   78.57   77.94   77.94   80.11   80.65  100.00   81.01   78.57   79.02   77.12   78.03   78.03   79.66   78.21   78.48   79.57   78.84   78.12   80.47   80.29   78.75   78.03   79.02   79.39   79.48
    22: id18         77.85   77.76   77.85   78.39   79.39   78.21   78.48   79.02   79.39   78.03   80.83   79.11   79.39   79.39   79.39   78.75   79.93   80.02   77.58   77.94   81.01  100.00   79.75   79.29   79.11   78.93   80.29   78.12   80.11   78.75   78.48   77.58   78.21   78.84   78.12   80.11   77.58   78.75   79.66   78.57
    23: id8          76.94   78.84   79.11   77.58   78.21   77.40   76.04   78.03   79.66   77.49   78.21   76.76   77.40   76.22   77.85   77.40   76.58   78.12   78.84   77.67   78.57   79.75  100.00   77.85   77.49   78.39   78.03   80.11   78.57   77.31   76.76   78.75   76.76   75.32   77.31   78.66   77.94   78.03   79.11   77.76
    24: id7          78.66   78.48   76.58   76.85   78.57   78.39   77.94   79.66   76.94   79.02   79.75   76.49   76.85   75.95   78.39   77.40   77.40   78.48   78.66   77.85   79.02   79.29   77.85  100.00   77.03   79.84   77.40   79.11   78.21   77.67   78.03   76.76   78.39   79.20   77.94   77.49   79.11   77.03   77.40   77.31
    25: id33         76.94   77.76   77.31   77.94   78.12   76.85   78.48   79.84   79.57   79.02   79.66   79.20   78.57   77.76   75.86   77.94   78.30   77.03   78.12   76.76   77.12   79.11   77.49   77.03  100.00   77.94   80.02   79.29   79.02   77.40   77.12   78.12   78.39   78.84   77.85   77.94   78.03   77.67   79.29   78.84
    26: id25         78.93   79.66   77.12   77.03   79.75   78.57   79.20   78.39   80.29   78.48   78.75   77.12   78.84   78.30   79.29   79.57   76.31   78.21   77.85   79.02   78.03   78.93   78.39   79.84   77.94  100.00   79.02   80.29   78.21   77.40   78.21   78.21   77.58   75.50   78.39   78.75   78.48   77.49   78.75   78.39
    27: id24         78.30   79.20   78.66   77.22   79.20   78.48   78.75   79.66   79.75   77.67   79.84   79.20   77.49   78.84   79.02   80.20   77.94   78.93   76.67   77.22   78.03   80.29   78.03   77.40   80.02   79.02  100.00   81.19   80.74   77.58   79.02   79.48   78.75   77.58   79.20   80.11   79.84   78.75   78.48   78.75
    28: id27         77.76   79.57   78.57   78.03   79.29   79.66   79.57   79.48   80.56   78.57   80.29   77.67   77.58   78.48   79.11   78.12   75.95   77.67   78.84   79.20   79.66   78.12   80.11   79.11   79.29   80.29   81.19  100.00   77.58   79.39   78.66   78.66   78.57   80.47   79.57   77.85   78.57   79.84   79.66   79.84
    29: id21         78.75   79.48   78.75   79.39   78.12   77.85   79.11   79.39   79.20   78.84   80.65   79.11   77.94   79.66   78.30   78.93   77.40   78.39   78.66   79.29   78.21   80.11   78.57   78.21   79.02   78.21   80.74   77.58  100.00   80.29   78.57   77.76   79.02   79.48   79.84   79.48   79.39   77.31   79.29   79.11
    30: id39         77.12   78.21   78.03   78.93   78.39   78.75   78.39   78.30   78.39   77.22   76.67   78.57   77.49   76.67   77.76   78.21   78.03   77.67   78.75   77.03   78.48   78.75   77.31   77.67   77.40   77.40   77.58   79.39   80.29  100.00   75.68   76.58   78.75   77.67   76.94   78.84   79.02   76.58   78.57   78.03
    31: id17         77.85   78.93   76.31   76.94   78.93   78.21   79.11   77.85   77.03   78.12   79.48   78.93   77.03   77.03   76.31   77.31   75.59   78.03   77.76   78.39   79.57   78.48   76.76   78.03   77.12   78.21   79.02   78.66   78.57   75.68  100.00   79.66   77.31   79.57   79.20   78.48   76.85   78.03   77.94   78.39
    32: id29         78.75   78.93   78.03   77.67   78.12   79.48   79.11   77.76   79.84   78.84   78.30   78.66   77.67   78.39   79.11   79.66   79.48   79.11   79.11   79.20   78.84   77.58   78.75   76.76   78.12   78.21   79.48   78.66   77.76   76.58   79.66  100.00   79.39   81.01   76.58   77.67   80.29   79.20   79.29   80.83
    33: id20         77.67   78.48   77.94   79.20   78.48   77.40   79.57   78.84   77.40   79.29   79.75   80.65   77.31   76.40   77.49   77.40   78.57   76.94   77.49   77.94   78.12   78.21   76.76   78.39   78.39   77.58   78.75   78.57   79.02   78.75   77.31   79.39  100.00   79.93   80.83   77.49   78.66   78.93   79.29   78.93
    34: id2          78.48   77.49   76.49   79.11   78.03   79.29   78.93   78.93   78.48   78.57   79.39   79.48   77.76   79.20   78.57   77.40   77.58   77.22   78.75   78.12   80.47   78.84   75.32   79.20   78.84   75.50   77.58   80.47   79.48   77.67   79.57   81.01   79.93  100.00   81.01   76.94   77.49   78.75   78.66   78.93
    35: id32         77.40   79.84   77.03   78.75   79.20   76.85   80.02   79.57   78.39   79.20   78.48   78.84   78.84   78.39   78.12   78.93   78.30   75.59   76.58   78.39   80.29   78.12   77.31   77.94   77.85   78.39   79.20   79.57   79.84   76.94   79.20   76.58   80.83   81.01  100.00   78.39   77.94   79.20   79.39   79.84
    36: id36         78.84   78.30   77.03   79.02   79.11   77.31   77.49   79.20   79.11   78.84   79.20   78.66   78.66   78.03   77.31   80.02   77.12   79.48   78.93   78.21   78.75   80.11   78.66   77.49   77.94   78.75   80.11   77.85   79.48   78.84   78.48   77.67   77.49   76.94   78.39  100.00   78.75   78.12   79.93   77.94
    37: id38         79.02   78.66   77.67   78.30   78.66   78.21   78.57   79.02   80.02   78.21   78.57   77.12   77.58   77.31   76.85   79.66   78.57   79.57   78.03   79.02   78.03   77.58   77.94   79.11   78.03   78.48   79.84   78.57   79.39   79.02   76.85   80.29   78.66   77.49   77.94   78.75  100.00   79.20   80.20   80.02
    38: id19         79.66   78.03   79.57   77.31   77.76   76.94   77.85   79.11   79.84   79.93   78.39   79.29   78.39   78.93   79.48   76.76   78.75   79.29   77.94   78.66   79.02   78.75   78.03   77.03   77.67   77.49   78.75   79.84   77.31   76.58   78.03   79.20   78.93   78.75   79.20   78.12   79.20  100.00   80.38   79.84
    39: id11         78.75   79.11   77.31   78.30   78.03   77.31   78.93   80.11   80.20   78.21   80.20   80.02   80.29   78.75   78.48   78.93   78.12   78.30   78.48   78.21   79.39   79.66   79.11   77.40   79.29   78.75   78.48   79.66   79.29   78.57   77.94   79.29   79.29   78.66   79.39   79.93   80.20   80.38  100.00   81.10
    40: id28         78.66   79.75   77.03   80.38   78.66   79.20   79.39   77.85   79.29   79.75   80.11   78.57   79.20   78.12   79.11   78.84   77.94   78.03   78.03   79.66   79.48   78.57   77.76   77.31   78.84   78.39   78.75   79.84   79.11   78.03   78.39   80.83   78.93   78.93   79.84   77.94   80.02   79.84   81.10  100.00
