#
#
#  Percent Identity  Matrix - created by Clustal2.1 
#
#

     1: id18        100.00   77.41   78.28   78.10   78.62   78.71   77.76   78.97   77.16   77.33   77.76   77.59   76.21   76.38   78.10   78.28   79.14   77.07   78.62   77.50   77.50   78.53   77.67   77.76   77.33   78.71   78.97   77.33   78.10   78.02   77.59   79.22   77.41   78.10   77.93   78.45   77.24   78.62   77.67   78.36
     2: id30         77.41  100.00   77.16   77.67   80.00   78.88   78.36   78.71   78.45   77.93   77.67   79.31   78.28   79.31   78.02   78.36   78.53   78.62   77.76   78.71   77.24   76.98   77.67   79.48   78.79   77.41   78.88   79.74   78.45   77.84   78.62   78.62   76.38   79.74   79.40   78.79   78.79   79.40   78.97   79.05
     3: id3          78.28   77.16  100.00   80.95   77.24   79.14   78.53   79.66   78.97   78.10   77.84   79.05   76.98   77.41   78.19   78.02   78.53   77.93   78.53   79.05   79.05   78.28   77.84   78.79   77.59   77.84   78.36   78.53   78.62   78.10   77.76   80.34   79.05   78.19   78.36   78.53   78.62   79.14   79.74   79.74
     4: id23         78.10   77.67   80.95  100.00   79.74   78.19   76.98   79.74   78.88   76.55   76.72   78.88   78.79   79.14   78.10   78.62   76.64   77.07   76.12   78.45   78.10   78.02   76.38   78.36   79.05   79.40   76.81   78.62   78.36   78.10   79.05   77.76   78.71   78.28   79.31   78.19   77.67   79.74   78.79   79.05
     5: id31         78.62   80.00   77.24   79.74  100.00   80.43   78.97   79.66   78.71   78.71   77.07   78.79   78.28   75.69   77.93   78.71   79.22   79.40   78.19   78.28   77.67   78.28   79.74   79.91   78.97   77.07   76.98   78.19   79.66   78.62   78.45   76.81   77.24   80.00   77.84   78.36   78.62   80.09   77.50   78.36
     6: id20         78.71   78.88   79.14   78.19   80.43  100.00   79.48   80.78   78.62   76.38   78.19   79.66   78.79   77.41   79.48   78.53   79.14   78.45   79.14   79.48   79.91   78.79   78.10   78.97   78.02   78.28   77.33   77.67   78.36   78.45   78.36   78.62   78.10   77.84   78.45   78.88   77.93   78.97   79.22   78.97
     7: id9          77.76   78.36   78.53   76.98   78.97   79.48  100.00   80.17   78.53   78.62   79.40   77.59   78.62   78.45   80.00   77.59   80.17   77.24   77.93   77.67   77.76   77.33   78.97   78.88   78.79   78.28   77.84   78.71   78.88   78.79   78.88   77.76   77.84   78.36   77.93   78.53   80.00   78.02   79.14   78.62
     8: id14         78.97   78.71   79.66   79.74   79.66   80.78   80.17  100.00   80.60   78.02   78.45   77.93   79.40   78.28   80.26   77.84   78.36   78.02   77.59   79.66   78.53   78.97   79.48   78.79   79.22   80.34   77.93   77.50   79.48   78.10   79.74   78.62   78.88   80.00   79.66   78.79   78.88   79.31   80.26   80.17
     9: id19         77.16   78.45   78.97   78.88   78.71   78.62   78.53   80.60  100.00   76.90   79.48   78.45   78.53   78.36   80.26   78.79   79.22   77.33   79.91   79.57   78.62   78.02   79.14   79.40   79.57   77.76   77.76   78.45   79.14   77.33   77.24   78.97   78.10   79.31   78.45   77.50   78.10   78.53   79.40   80.09
    10: id5          77.33   77.93   78.10   76.55   78.71   76.38   78.62   78.02   76.90  100.00   78.53   78.62   78.45   78.97   79.91   78.79   78.71   77.16   78.36   76.55   76.81   78.28   78.79   78.19   77.33   76.64   78.36   78.71   78.79   77.24   78.53   78.02   76.81   79.14   78.28   77.84   77.50   78.88   78.53   79.22
    11: id24         77.76   77.67   77.84   76.72   77.07   78.19   79.40   78.45   79.48   78.53  100.00   77.41   78.71   79.57   79.83   80.17   79.31   76.81   77.16   76.90   79.48   76.81   77.16   76.98   79.05   77.16   77.41   77.84   78.36   76.81   77.16   78.88   77.93   77.41   79.14   78.45   78.71   78.88   78.28   78.88
    12: id17         77.59   79.31   79.05   78.88   78.79   79.66   77.59   77.93   78.45   78.62   77.41  100.00   76.38   78.62   78.62   79.40   79.91   77.41   77.93   77.41   78.28   78.53   77.84   79.66   79.22   79.14   78.45   78.45   79.31   78.45   78.71   77.24   77.84   76.98   78.45   77.07   79.14   78.28   78.19   78.53
    13: id34         76.21   78.28   76.98   78.79   78.28   78.79   78.62   79.40   78.53   78.45   78.71   76.38  100.00   78.19   80.69   78.71   78.53   77.16   77.76   77.76   78.19   78.19   78.36   78.19   79.40   78.62   77.41   77.93   78.28   79.48   78.79   77.33   76.72   77.41   79.48   78.45   77.59   78.28   79.83   77.76
    14: id2          76.38   79.31   77.41   79.14   75.69   77.41   78.45   78.28   78.36   78.97   79.57   78.62   78.19  100.00   79.74   79.83   80.86   78.19   79.57   77.50   77.67   78.97   79.91   79.57   79.48   78.36   78.62   79.83   78.02   77.59   79.66   80.17   78.53   79.57   78.79   78.19   79.74   79.14   78.45   78.36
    15: id32         78.10   78.02   78.19   78.10   77.93   79.48   80.00   80.26   80.26   79.91   79.83   78.62   80.69   79.74  100.00   79.66   81.38   78.19   80.09   77.84   78.71   79.66   79.91   78.36   80.09   79.74   78.71   79.83   80.17   78.28   78.62   80.43   78.28   79.05   80.69   78.19   79.31   78.97   80.17   79.40
    16: id13         78.28   78.36   78.02   78.62   78.71   78.53   77.59   77.84   78.79   78.79   80.17   79.40   78.71   79.83   79.66  100.00   81.38   79.05   79.31   78.36   78.97   79.40   78.28   79.14   80.60   80.17   79.57   78.97   80.09   78.02   77.59   78.53   78.53   80.52   78.19   79.40   78.79   79.57   79.83   79.40
    17: id38         79.14   78.53   78.53   76.64   79.22   79.14   80.17   78.36   79.22   78.71   79.31   79.91   78.53   80.86   81.38   81.38  100.00   80.26   79.14   76.81   79.57   79.14   79.91   79.05   79.05   80.00   79.22   79.48   77.76   78.28   78.97   79.83   78.62   79.66   79.40   79.83   79.57   79.83   79.57   79.14
    18: id36         77.07   78.62   77.93   77.07   79.40   78.45   77.24   78.02   77.33   77.16   76.81   77.41   77.16   78.19   78.19   79.05   80.26  100.00   78.28   78.19   80.52   78.88   79.91   78.45   78.88   79.74   78.71   80.09   79.40   78.02   78.97   77.41   76.55   80.43   78.02   79.48   77.93   78.79   79.83   77.50
    19: id10         78.62   77.76   78.53   76.12   78.19   79.14   77.93   77.59   79.91   78.36   77.16   77.93   77.76   79.57   80.09   79.31   79.14   78.28  100.00   78.88   80.69   78.02   79.40   78.36   78.79   79.66   80.60   80.17   78.45   78.28   77.59   78.97   77.16   78.71   77.67   78.02   77.50   79.05   78.45   78.79
    20: id15         77.50   78.71   79.05   78.45   78.28   79.48   77.67   79.66   79.57   76.55   76.90   77.41   77.76   77.50   77.84   78.36   76.81   78.19   78.88  100.00   80.52   76.64   78.19   80.17   77.93   78.62   79.14   78.19   78.79   78.19   79.31   78.02   77.93   79.40   80.09   78.79   79.48   78.71   79.57   79.05
    21: id39         77.50   77.24   79.05   78.10   77.67   79.91   77.76   78.53   78.62   76.81   79.48   78.28   78.19   77.67   78.71   78.97   79.57   80.52   80.69   80.52  100.00   78.53   78.45   80.17   79.31   78.53   78.28   79.05   78.02   78.53   77.84   78.02   77.50   78.71   78.36   78.28   79.66   80.09   78.97   78.62
    22: id11         78.53   76.98   78.28   78.02   78.28   78.79   77.33   78.97   78.02   78.28   76.81   78.53   78.19   78.97   79.66   79.40   79.14   78.88   78.02   76.64   78.53  100.00   78.62   78.71   77.67   79.66   78.28   78.62   78.79   78.36   77.50   78.53   77.76   76.81   77.76   77.24   77.16   79.66   79.22   79.74
    23: id6          77.67   77.67   77.84   76.38   79.74   78.10   78.97   79.48   79.14   78.79   77.16   77.84   78.36   79.91   79.91   78.28   79.91   79.91   79.40   78.19   78.45   78.62  100.00   80.26   77.76   79.66   78.45   79.66   79.66   78.88   79.83   79.66   79.05   79.48   78.19   78.28   79.48   78.88   79.57   77.50
    24: id25         77.76   79.48   78.79   78.36   79.91   78.97   78.88   78.79   79.40   78.19   76.98   79.66   78.19   79.57   78.36   79.14   79.05   78.45   78.36   80.17   80.17   78.71   80.26  100.00   80.09   79.74   77.59   79.31   79.66   78.45   79.22   79.31   78.02   79.48   79.22   78.71   79.05   80.43   79.31   78.02
    25: id4          77.33   78.79   77.59   79.05   78.97   78.02   78.79   79.22   79.57   77.33   79.05   79.22   79.40   79.48   80.09   80.60   79.05   78.88   78.79   77.93   79.31   77.67   77.76   80.09  100.00   81.03   78.62   79.48   78.71   77.93   77.76   79.31   78.71   79.22   79.31   78.19   78.88   79.31   80.26   79.48
    26: id26         78.71   77.41   77.84   79.40   77.07   78.28   78.28   80.34   77.76   76.64   77.16   79.14   78.62   78.36   79.74   80.17   80.00   79.74   79.66   78.62   78.53   79.66   79.66   79.74   81.03  100.00   78.36   79.40   80.09   77.41   79.05   78.88   77.84   78.45   79.66   79.14   78.28   78.62   80.69   78.71
    27: id40         78.97   78.88   78.36   76.81   76.98   77.33   77.84   77.93   77.76   78.36   77.41   78.45   77.41   78.62   78.71   79.57   79.22   78.71   80.60   79.14   78.28   78.28   78.45   77.59   78.62   78.36  100.00   80.00   80.86   79.57   78.36   77.24   76.47   77.84   77.59   77.67   78.10   79.31   78.53   77.76
    28: id33         77.33   79.74   78.53   78.62   78.19   77.67   78.71   77.50   78.45   78.71   77.84   78.45   77.93   79.83   79.83   78.97   79.48   80.09   80.17   78.19   79.05   78.62   79.66   79.31   79.48   79.40   80.00  100.00   81.47   79.22   79.31   78.62   78.02   79.22   79.40   78.62   78.19   77.33   78.36   79.14
    29: id37         78.10   78.45   78.62   78.36   79.66   78.36   78.88   79.48   79.14   78.79   78.36   79.31   78.28   78.02   80.17   80.09   77.76   79.40   78.45   78.79   78.02   78.79   79.66   79.66   78.71   80.09   80.86   81.47  100.00   78.71   78.71   77.67   77.50   78.79   77.84   77.93   79.83   79.40   79.14   78.10
    30: id28         78.02   77.84   78.10   78.10   78.62   78.45   78.79   78.10   77.33   77.24   76.81   78.45   79.48   77.59   78.28   78.02   78.28   78.02   78.28   78.19   78.53   78.36   78.88   78.45   77.93   77.41   79.57   79.22   78.71  100.00   78.10   77.59   78.02   77.93   78.36   77.84   77.76   79.05   79.66   79.22
    31: id21         77.59   78.62   77.76   79.05   78.45   78.36   78.88   79.74   77.24   78.53   77.16   78.71   78.79   79.66   78.62   77.59   78.97   78.97   77.59   79.31   77.84   77.50   79.83   79.22   77.76   79.05   78.36   79.31   78.71   78.10  100.00   79.40   77.76   79.31   78.62   78.28   80.00   78.45   79.05   77.67
    32: id7          79.22   78.62   80.34   77.76   76.81   78.62   77.76   78.62   78.97   78.02   78.88   77.24   77.33   80.17   80.43   78.53   79.83   77.41   78.97   78.02   78.02   78.53   79.66   79.31   79.31   78.88   77.24   78.62   77.67   77.59   79.40  100.00   78.62   79.57   80.43   77.84   79.40   79.14   78.28   79.74
    33: id12         77.41   76.38   79.05   78.71   77.24   78.10   77.84   78.88   78.10   76.81   77.93   77.84   76.72   78.53   78.28   78.53   78.62   76.55   77.16   77.93   77.50   77.76   79.05   78.02   78.71   77.84   76.47   78.02   77.50   78.02   77.76   78.62  100.00   78.19   78.53   78.10   80.09   78.62   77.59   79.48
    34: id22         78.10   79.74   78.19   78.28   80.00   77.84   78.36   80.00   79.31   79.14   77.41   76.98   77.41   79.57   79.05   80.52   79.66   80.43   78.71   79.40   78.71   76.81   79.48   79.48   79.22   78.45   77.84   79.22   78.79   77.93   79.31   79.57   78.19  100.00   78.79   78.88   77.67   78.62   80.43   76.81
    35: id27         77.93   79.40   78.36   79.31   77.84   78.45   77.93   79.66   78.45   78.28   79.14   78.45   79.48   78.79   80.69   78.19   79.40   78.02   77.67   80.09   78.36   77.76   78.19   79.22   79.31   79.66   77.59   79.40   77.84   78.36   78.62   80.43   78.53   78.79  100.00   78.79   77.67   78.53   80.69   78.97
    36: id1          78.45   78.79   78.53   78.19   78.36   78.88   78.53   78.79   77.50   77.84   78.45   77.07   78.45   78.19   78.19   79.40   79.83   79.48   78.02   78.79   78.28   77.24   78.28   78.71   78.19   79.14   77.67   78.62   77.93   77.84   78.28   77.84   78.10   78.88   78.79  100.00   78.53   79.14   80.69   78.19
    37: id16         77.24   78.79   78.62   77.67   78.62   77.93   80.00   78.88   78.10   77.50   78.71   79.14   77.59   79.74   79.31   78.79   79.57   77.93   77.50   79.48   79.66   77.16   79.48   79.05   78.88   78.28   78.10   78.19   79.83   77.76   80.00   79.40   80.09   77.67   77.67   78.53  100.00   77.59   79.74   80.52
    38: id35         78.62   79.40   79.14   79.74   80.09   78.97   78.02   79.31   78.53   78.88   78.88   78.28   78.28   79.14   78.97   79.57   79.83   78.79   79.05   78.71   80.09   79.66   78.88   80.43   79.31   78.62   79.31   77.33   79.40   79.05   78.45   79.14   78.62   78.62   78.53   79.14   77.59  100.00   80.69   78.97
    39: id8          77.67   78.97   79.74   78.79   77.50   79.22   79.14   80.26   79.40   78.53   78.28   78.19   79.83   78.45   80.17   79.83   79.57   79.83   78.45   79.57   78.97   79.22   79.57   79.31   80.26   80.69   78.53   78.36   79.14   79.66   79.05   78.28   77.59   80.43   80.69   80.69   79.74   80.69  100.00   81.03
    40: id29         78.36   79.05   79.74   79.05   78.36   78.97   78.62   80.17   80.09   79.22   78.88   78.53   77.76   78.36   79.40   79.40   79.14   77.50   78.79   79.05   78.62   79.74   77.50   78.02   79.48   78.71   77.76   79.14   78.10   79.22   77.67   79.74   79.48   76.81   78.97   78.19   80.52   78.97   81.03  100.00
